# Top 20 Genes with Most MYOD1 Binding Sites
# Format: Peak_Count  Gene_Symbol

Rank  Peaks  Gene    Function
────────────────────────────────────────────────────────────────
1     72     59690
2     46     3038669
3     39     22216594
4     39     20640703
5     38     11778429
6     36     88365515
7     36     86235505
8     36     148822979
9     35     92826149
10    33     37138920
11    31     82132019
12    31     5040578
13    31     126593986
14    30     131085272
15    29     120228456
16    28     89580236
17    28     51848224
18    28     100233131
19    27     36106446
20    27     24076388
