═══════════════════════════════════════════════════════════════════
                  TOP 20 GENES WITH MOST MYOD1 PEAKS
═══════════════════════════════════════════════════════════════════

Rank  Peaks  Gene Symbol
──────────────────────────
1     22397  1
2     22042  2
3     59     3072
4     54     75
5     44     96
6     36     56658
7     36     224633
8     31     87063
9     30     221644
10    30     18150
11    29     6303
12    29     325179
13    28     315042
14    28     110
15    27     109
16    26     70
17    26     1524
18    25     89161
19    25     3958
20    25     308317
