    108 0.0200070983117917
     68 0.0121768219319812
     67 0.0336605443222873
     66 0.00246482932376023
     54 0.0135963928740787
     53 0.00854865439159769
     51 0.0212254392983592
     43 0.0211170379824586
     41 0.0487169794625914
     38 0.00529551082175927
     37 0.0137361297858443
     36 0.00724221118737458
     35 0.00120167198715219
     32 0.0322719414543524
     32 0.00323003781927177
     32 0.000859227996432859
     31 0.00424557125710967
     29 0.00197581595487656
     27 0.0436381222428318
     26 0.00042563827559698
     25 0.000765575513866281
     24 0.00146446355148208
     23 0.00138852401244113
     23 0.000699097820882596
     23 0.000154733787835407
     22 0.000127338665485619
     21 0.00571454955100616
     21 0.0056764009946309
     21 0.000683385907143208
     20 0.000728798508039127
     20 0.000126647755928688
     19 0.0297322500066064
     19 0.0126549196810832
     19 0.00243800843485589
     18 0.00374113991835477
     17 6.0962030004517e-06
     17 0.0267247486551156
     17 0.00895577646853982
     17 0.00229895257981604
     17 0.00143104705735094
     17 0.000290491113728239
     16 0.00889556966656196
     16 0.00578253728045873
     16 0.00375231347607535
     16 0.00104779127508087
     16 0.00055535730246095
     16 0.000262556811182263
     15 0.00154893994032122
     14 3.56046565502255e-05
     14 0.0385593776909285
     14 0.010642684151324
     14 0.00362837962860257
     14 0.00105881917474351
     13 0.0135223970939684
     13 0.00799791472076302
     13 0.00246409901631883
     13 0.00159064766166095
     13 0.000207517767783186
     13 0.000166128038324238
     12 5.60705625003772e-05
     12 2.22897094517525e-07
     12 0.0237187444186049
     12 0.0149712341285926
     12 0.0117908125470024
     12 0.000638140440015097
     12 0.000402009852354508
     12 0.000196875310354861
     11 7.65815271934436e-05
     11 1.94213075349678e-06
     11 0.0336934220818709
     11 0.00232311280036953
     11 0.00159291673081944
     11 0.000438784634240765
     11 0.000341444108043077
     11 0.000301293291185596
     11 0.000111178952516154
     10 5.37890197420342e-05
     10 4.56127555206484e-05
     10 3.73039506324837e-08
     10 0.0483663889040938
     10 0.00104959106513637
     10 0.000250331546145037
     10 0.000234294314138352
      9 7.70983680413884e-05
      9 3.29302072012153e-06
      9 3.06757255287806e-05
      9 1.90590089451275e-05
      9 1.80236354684197e-07
      9 1.78741232475868e-06
      9 0.0417068546756794
      9 0.0298789719033128
      9 0.0135346328501678
      9 0.00505627776485702
      9 0.00147610613112685
      9 0.00100195398783696
      9 0.000502202678878878
      9 0.000278415430879508
      9 0.00017502477040683
      8 9.16140274070419e-05
      8 8.51951114537269e-05
      8 2.83524336812148e-06
      8 1.33723412158966e-05
      8 0.0261094704731191
      8 0.0186393391899163
      8 0.0167952232870578
      8 0.00952728268232057
      8 0.0036266730005229
      8 0.000892000450804041
      8 0.000458962877065488
      7 9.60023179355998e-06
      7 9.54098709201773e-05
      7 8.25071638798912e-05
      7 5.41858006236217e-05
      7 4.7346902298547e-06
      7 3.77654362104666e-05
      7 2.6500959647277e-05
      7 2.12080008027289e-05
      7 1.74102739867902e-06
      7 0.0494326524499503
      7 0.00539563448634141
      7 0.00243133951397067
      7 0.00043745503309758
      7 0.000129550210655901
      7 0.000122190663143933
      6 9.33060033286282e-06
      6 8.5861176020593e-05
      6 8.45373594315768e-06
      6 6.80829066057948e-06
      6 6.30258245825853e-06
      6 5.6709329712228e-06
      6 5.28893787488622e-05
      6 4.28687663037201e-05
      6 3.68752456434539e-05
      6 3.05679955049198e-05
      6 2.9513738597461e-07
      6 2.15816283040472e-05
      6 2.06584144496369e-05
      6 1.74133253776962e-06
      6 1.24194150901959e-06
      6 1.04052133151744e-05
      6 1.0235171429618e-05
      6 0.0426686295292368
      6 0.0314288473522033
      6 0.0234280345824045
      6 0.0166866957901552
      6 0.00379219845101674
      6 0.00341817119268818
      6 0.00154915689176304
      6 0.00139925702880154
      6 0.000294753382249876
      5 9.98836240695494e-06
      5 9.77930511980584e-07
      5 9.77614777351734e-06
      5 8.32659028311881e-05
      5 7.73402599831472e-14
      5 6.21562557667307e-08
      5 5.52067982736197e-06
      5 4.83396400546997e-07
      5 4.55980897025471e-06
      5 4.02492612345517e-08
      5 3.51715741428292e-06
      5 3.35619708022131e-05
      5 2.71979227188032e-05
      5 2.3081712410012e-07
      5 2.00927250852116e-06
      5 1.82257024661439e-05
      5 1.77190252485893e-06
      5 1.61341125482389e-05
      5 1.28095478075534e-06
      5 1.1207976836237e-07
      5 1.11217054191215e-05
      5 1.06402313250419e-12
      5 0.0413475130677445
      5 0.0358867198993371
      5 0.0271106288485547
      5 0.0180505997499471
      5 0.0145342202440502
      5 0.0145037814961327
      5 0.00732744906838638
      5 0.00640616744237434
      5 0.00219655345530779
      5 0.00127308255381857
      5 0.0011451505652542
      5 0.000621902372496534
      5 0.00053784435660479
      5 0.000454138913342625
      5 0.000439749791556616
      5 0.000425175743669041
      5 0.000238850198292546
      5 0.000105669446054006
      4 9.58951837342251e-12
      4 9.02542147266567e-29
      4 8.92945173071314e-10
      4 7.91147779235985e-06
      4 6.93780796884937e-05
      4 6.76391993781289e-05
      4 5.8240253719956e-05
      4 5.69742671363082e-07
      4 5.51084206001008e-05
      4 5.03651403503876e-08
      4 4.83510807753636e-10
      4 4.4626401653917e-06
      4 4.25614985860271e-08
      4 3.85546248375868e-07
      4 3.66242453634728e-05
      4 3.62201656250925e-07
      4 3.51872031734484e-07
      4 3.37923708557407e-16
      4 3.32690539144684e-05
      4 3.19024432303158e-11
      4 2.96676334972324e-05
      4 2.8156165255828e-06
      4 2.57702826237823e-06
      4 2.41752644731e-05
      4 2.02158144837065e-05
      4 1.91858820930063e-06
      4 1.87155499280885e-08
      4 1.83632653370583e-06
      4 1.73495712490142e-05
      4 1.50427062653058e-05
      4 1.40782899239479e-10
      4 1.39130873802502e-12
      4 1.29472344037381e-07
      4 1.1797413255675e-05
      4 1.17334113079637e-06
      4 1.04665967585001e-05
      4 0.0492340615627072
      4 0.0397580457439156
      4 0.0353044335580668
      4 0.0309982497695392
      4 0.0190550376059774
      4 0.0129544241340162
      4 0.00669020087803041
      4 0.00599700005249236
      4 0.00565384026000035
      4 0.00343822487518935
      4 0.0022119166172884
      4 0.00183362096001286
      4 0.000765842700737725
      4 0.00057990655985093
      4 0.000529190376144656
      4 0.000401437211281439
      4 0.000294919967762516
      4 0.000271746287794193
      4 0.000198867756230034
      4 0.000129469481598411
      3 9.97131474163614e-42
      3 9.79951295327347e-08
      3 9.32580448361036e-06
      3 9.09805413933973e-18
      3 8.74647699056104e-12
      3 8.59555645875843e-08
      3 8.51342862169644e-07
      3 8.34728005762442e-05
      3 7.74592438091979e-07
      3 7.37180788964912e-06
      3 7.08877999332069e-08
      3 7.01481482287156e-05
      3 6.76928800945858e-18
      3 6.67476115833267e-08
      3 6.36352030109239e-14
      3 6.23179884837724e-10
      3 6.22595111815502e-07
      3 5.96335187330313e-07
      3 5.89312870648756e-06
      3 5.74306999079288e-06
      3 5.63658637402459e-33
      3 5.55109140901996e-07
      3 5.40538901994719e-16
      3 4.94428422703733e-07
      3 4.86828131226778e-05
      3 4.78769010018077e-11
      3 4.66090329956603e-21
      3 4.53648230378639e-06
      3 4.4995446138742e-09
      3 3.86657107075261e-06
      3 3.71716170754881e-06
      3 3.53090336204231e-07
      3 3.46304576986175e-18
      3 3.32209110567406e-06
      3 3.08432809885231e-06
      3 3.03093356954913e-09
      3 2.97547550123886e-07
      3 2.9457269930801e-06
      3 2.85474438588709e-12
      3 2.84685422774699e-07
      3 2.76268959584164e-06
      3 2.68458824570923e-08
      3 2.52176334097071e-07
      3 2.40864016627348e-08
      3 2.27466263199804e-05
      3 2.16361572610074e-08
      3 2.14617804184051e-20
      3 2.1389867079653e-09
      3 2.07562615492319e-09
      3 2.07158555693944e-07
      3 2.03386051688762e-06
      3 1.89405153749602e-06
      3 1.83598127749877e-11
      3 1.69180029911118e-10
      3 1.65389858495027e-06
      3 1.63394371116234e-12
      3 1.59456975392632e-05
      3 1.5382602772612e-07
      3 1.52809432430527e-07
      3 1.49433108352215e-10
      3 1.47923094285151e-06
      3 1.45307302529199e-09
      3 1.44196638467464e-05
      3 1.42256982079591e-07
      3 1.36191396719799e-26
      3 1.33989110339811e-11
      3 1.30822192778214e-05
      3 1.29105328560786e-06
      3 1.28730364511183e-06
      3 1.28045102158833e-09
      3 1.2152985682998e-07
      3 1.21024168735672e-08
      3 1.20901535433352e-06
      3 1.1874306598267e-10
      3 1.10833631196604e-13
      3 1.06608700780749e-06
      3 1.02557126776649e-09
      3 1.02448676211807e-23
      3 1.01844326602675e-06
      3 0.0423950940089585
      3 0.0361933399599391
      3 0.0273668166173077
      3 0.0257706951990938
      3 0.0256060138360691
      3 0.0235754281836719
      3 0.0170850978334026
      3 0.0155433985825297
      3 0.0114833518927706
      3 0.0102840264977317
      3 0.00835492720994282
      3 0.00679540584086629
      3 0.00487037523955244
      3 0.00413023201066967
      3 0.00340849276515014
      3 0.00264709020850236
      3 0.00203008291546306
      3 0.00169879821937301
      3 0.00152434292322676
      3 0.000959274346908437
      3 0.000895006624578733
      3 0.000819516609889324
      3 0.000653161673904883
      3 0.000647983026214156
      3 0.000495006388595969
      3 0.000454780466194868
      3 0.000256419926463446
      3 0.000173906717645941
      3 0.000153079721924506
      3 0.000127428177430928
      3 0.0001204714486393
      3 0.000119567175797587
      2 9.87386830113411e-06
      2 9.79245360338541e-07
      2 9.74730641892046e-06
      2 9.54165105525168e-05
      2 9.4818679995926e-10
      2 9.41574456366732e-13
      2 9.35764724287778e-11
      2 9.3220524057113e-08
      2 9.22009276494785e-08
      2 9.05505844802667e-05
      2 8.9537291511272e-15
      2 8.86960873501477e-11
      2 8.80505940074839e-17
      2 8.68520283987689e-10
      2 8.56681396477763e-08
      2 8.51007043911833e-07
      2 8.45541420168156e-07
      2 8.36334197650104e-06
      2 8.34591709461152e-09
      2 8.33311679275725e-22
      2 8.29205703338837e-14
      2 8.14008218991206e-21
      2 8.13424200514093e-35
      2 8.03104429156344e-05
      2 7.89867154016503e-15
      2 7.89641048546656e-18
      2 7.85532914807617e-08
      2 7.82897687117406e-36
      2 7.8281250983307e-09
      2 7.67933356135815e-05
      2 7.66024170774801e-44
      2 7.65933811746473e-05
      2 7.55773772174617e-10
      2 7.44170794577903e-08
      2 7.40200175750461e-05
      2 7.1230264167912e-16
      2 7.08257762770036e-11
      2 6.99533152919532e-08
      2 6.98299051249874e-13
      2 6.94679391784351e-36
      2 6.93941783143042e-20
      2 6.82557526480487e-06
      2 6.76665800626589e-13
      2 6.71734390544389e-06
      2 6.52187191385994e-14
      2 6.50738532009656e-15
      2 6.38974617908496e-13
      2 6.36948244317842e-27
      2 6.31297270394141e-18
      2 6.2861182493318e-13
      2 6.08800051770181e-10
      2 6.06603441288125e-13
      2 5.93039238143341e-12
      2 5.7777479396597e-05
      2 5.70318683738844e-18
      2 5.65680141063131e-19
      2 5.62487111807164e-13
      2 5.57471109646522e-14
      2 5.51131476183225e-07
      2 5.44801790506115e-20
      2 5.43473871316977e-07
      2 5.42197672596635e-08
      2 5.36847273525078e-06
      2 5.22553236607132e-10
      2 5.20126346396895e-09
      2 5.16408030753399e-14
      2 5.12485080625178e-19
      2 5.11889721637847e-06
      2 5.11581811428275e-11
      2 5.10902282750696e-10
      2 5.09831507667494e-08
      2 4.95490086150446e-21
      2 4.92103035450219e-08
      2 4.89411041366596e-07
      2 4.85627180170603e-12
      2 4.80368898139682e-06
      2 4.70279245257992e-15
      2 4.69015337354141e-10
      2 4.66623266966447e-06
      2 4.60001064592519e-23
      2 4.58253234589307e-11
      2 4.54286120002156e-10
      2 4.53627796864794e-06
      2 4.53023915644734e-09
      2 4.51614575010617e-07
      2 4.49089060355771e-06
      2 4.39375600334603e-06
      2 4.37825666924295e-19
      2 4.3494066099587e-09
      2 4.27920044984676e-08
      2 4.24879948357212e-06
      2 4.22236048072156e-06
      2 4.15523309567644e-08
      2 4.07190420852098e-14
      2 4.06427760230927e-09
      2 4.05952173211332e-06
      2 4.04324278689542e-07
      2 3.99574909860219e-08
      2 3.98523847034531e-14
      2 3.97797419695611e-08
      2 3.93386533639901e-10
      2 3.89814572008853e-29
      2 3.88023016209061e-07
      2 3.86678202505341e-08
      2 3.7660840255753e-07
      2 3.66880222113448e-45
      2 3.66184594731946e-05
      2 3.64726770440197e-12
      2 3.63919951466508e-36
      2 3.60888868915368e-27
      2 3.58476598376479e-05
      2 3.57619406735411e-07
      2 3.44745307764563e-33
      2 3.40694574633745e-05
      2 3.36029801612182e-11
      2 3.31588391642491e-15
      2 3.31154054659463e-12
      2 3.24526357519238e-17
      2 3.23421882376434e-10
      2 3.18252076350805e-12
      2 3.13624632548653e-14
      2 3.08089795131571e-12
      2 3.06961774627247e-08
      2 3.0149228704738e-11
      2 2.92209857445774e-13
      2 2.9091628878689e-06
      2 2.87474951026701e-06
      2 2.83431839837657e-15
      2 2.75153160335083e-12
      2 2.74798034187541e-31
      2 2.6936035681871e-10
      2 2.66291018095742e-16
      2 2.65912246279805e-10
      2 2.64206078010161e-10
      2 2.61773666218569e-19
      2 2.55738676874817e-15
      2 2.54370200817557e-10
      2 2.5218920605333e-16
      2 2.49042154862729e-19
      2 2.48932546884496e-23
      2 2.46576637286078e-09
      2 2.45828271653277e-10
      2 2.45056394603656e-28
      2 2.36965247306844e-08
      2 2.3683123101378e-13
      2 2.35666884597009e-05
      2 2.34008721645073e-06
      2 2.33953857628772e-07
      2 2.33742743085498e-07
      2 2.32247836182849e-05
      2 2.25230066042831e-06
      2 2.23370688830312e-05
      2 2.22065109581801e-14
      2 2.20941293667812e-17
      2 2.20800921885884e-09
      2 2.1860110938541e-07
      2 2.16963647556974e-09
      2 2.15230297236175e-07
      2 2.14916537257617e-06
      2 2.09621618531477e-19
      2 2.09131089339021e-10
      2 2.07739944994975e-09
      2 1.96811740989754e-11
      2 1.90026681613343e-11
      2 1.89742526325261e-21
      2 1.87022543954788e-09
      2 1.79374886168781e-07
      2 1.78810854368848e-15
      2 1.73967118544833e-05
      2 1.70925435553074e-06
      2 1.70019066976205e-15
      2 1.64094687164066e-14
      2 1.62790229001977e-05
      2 1.60524945766272e-08
      2 1.59074405957396e-19
      2 1.58509564208359e-05
      2 1.57270213783186e-16
      2 1.56851450853355e-18
      2 1.55342055331006e-05
      2 1.53613651725186e-05
      2 1.51602758552108e-12
      2 1.51305673620901e-07
      2 1.50241752391871e-07
      2 1.49851728618799e-25
      2 1.48248989357567e-08
      2 1.48060537328642e-23
      2 1.4706825538101e-20
      2 1.46365415515359e-10
      2 1.45958177548637e-17
      2 1.44766290634929e-13
      2 1.43331821172738e-09
      2 1.39224457034003e-06
      2 1.38710619205455e-08
      2 1.37716090009198e-06
      2 1.36900632735325e-05
      2 1.36827948689641e-05
      2 1.3654745749429e-15
      2 1.34570922809492e-09
      2 1.34416573458262e-07
      2 1.32892354782402e-10
      2 1.32495171124032e-12
      2 1.32330977789007e-07
      2 1.31954984384e-07
      2 1.31759398689778e-15
      2 1.28357855284783e-06
      2 1.26058039191572e-23
      2 1.25791625841005e-06
      2 1.23911619525561e-12
      2 1.21859376302818e-12
      2 1.21055142175354e-08
      2 1.20772650874647e-15
      2 1.2019915782251e-13
      2 1.19105683465422e-08
      2 1.19082707977073e-08
      2 1.15772295309528e-06
      2 1.13891136357888e-06
      2 1.13826187811064e-09
      2 1.120802380802e-14
      2 1.11917989786693e-17
      2 1.09963366797215e-06
      2 1.09216385994498e-09
      2 1.04814194631465e-09
      2 1.04509204969408e-10
      2 1.04497927675152e-05
      2 1.04134338209613e-06
      2 1.03884788428924e-17
      2 1.02934027044715e-05
      2 1.0228284050705e-08
      2 1.02079374564207e-07
      2 1.01986617300411e-10
      2 1.01877488679788e-12
      2 1.010847262514e-14
      2 1.00987809883447e-12
      2 1.00412585416436e-13
      2 0.0469411615044885
      2 0.0365079322828019
      2 0.0297987958056336
      2 0.0284881321665695
      2 0.0270944296797075
      2 0.0269204799988078
      2 0.025363093408971
      2 0.0233296004200024
      2 0.0227330856051424
      2 0.0226521430567916
      2 0.0219764499046035
      2 0.0205904606250406
      2 0.0195888914275632
      2 0.0188031656924807
      2 0.0183231148422264
      2 0.015246304484483
      2 0.0144804567534004
      2 0.0140575462550348
      2 0.0135203183252037
      2 0.00938753978469086
      2 0.00870003030149045
      2 0.00791951904351379
      2 0.00765622155646881
      2 0.00729680025364583
      2 0.00542456231427216
      2 0.00531573912935889
      2 0.00469657853998471
      2 0.00443080417042235
      2 0.00430994303766263
      2 0.00422318254424693
      2 0.00377312492809247
      2 0.00319661036670075
      2 0.00309072526045363
      2 0.00297012848861109
      2 0.00292195379778398
      2 0.00251755967508158
      2 0.00237452603296189
      2 0.00173378168623034
      2 0.00157381872958304
      2 0.00141825673838795
      2 0.00135760222844048
      2 0.00130364261862613
      2 0.00129961894493146
      2 0.00113585324871225
      2 0.00102942393372786
      2 0.00101221381021137
      2 0.0010031742397629
      2 0.000914446836064615
      2 0.000706027467230471
      2 0.000701410546933148
      2 0.000656957988801796
      2 0.000585850359608427
      2 0.000474459861021892
      2 0.000452843749606575
      2 0.000355385988908295
      2 0.000333168469239362
      2 0.000218148167044132
      2 0.00018962768341451
      2 0.000183289927880596
      2 0.000176206769054599
      2 0.000169390245212863
      2 0.000141017317107291
      2 0.000125084514673906
      2 0.000112691990636436
      1 9.96305982349223e-15
      1 9.9625780973267e-08
      1 9.96036371799611e-09
      1 9.93021438170206e-05
      1 9.92820231146501e-17
      1 9.87710039421138e-20
      1 9.87376598494275e-06
      1 9.83589283509365e-19
      1 9.8322193506352e-08
      1 9.80054566021559e-05
      1 9.76108478944032e-28
      1 9.71021504104313e-16
      1 9.68412066232262e-41
      1 9.67558273285948e-16
      1 9.66925186788459e-30
      1 9.66922146072921e-08
      1 9.64732456717054e-16
      1 9.63266679506916e-27
      1 9.62260695063635e-39
      1 9.61273709246985e-32
      1 9.58101526712817e-23
      1 9.55586796738868e-13
      1 9.51572795540283e-29
      1 9.50779648120542e-35
      1 9.50231577371924e-15
      1 9.49876080539424e-13
      1 9.41502311284116e-24
      1 9.41181548835713e-10
      1 9.40999911008525e-10
      1 9.39301204119256e-10
      1 9.38485178390894e-08
      1 9.35015255498985e-15
      1 9.31770329240657e-14
      1 9.26385171886407e-07
      1 9.26343602557669e-13
      1 9.23499740815751e-15
      1 9.22919368722733e-08
      1 9.21765902584871e-10
      1 9.19379498752194e-06
      1 9.19126683092485e-07
      1 9.17861198035536e-16
      1 9.14982978668186e-12
      1 9.11876067010159e-16
      1 9.09892618517297e-06
      1 9.09798245250264e-16
      1 9.07677837690688e-06
      1 9.05650517823672e-12
      1 9.04408132585639e-11
      1 9.02998639161821e-12
      1 9.02437622585988e-29
      1 9.00161705179645e-06
      1 8.96348655506976e-10
      1 8.94485554670308e-07
      1 8.94007158956414e-24
      1 8.89745291351e-15
      1 8.8748730148513e-06
      1 8.8564424561487e-11
      1 8.84258911255791e-41
      1 8.8271743285379e-10
      1 8.82682792987604e-12
      1 8.81809633347178e-10
      1 8.80924890241398e-15
      1 8.77814486292344e-12
      1 8.77648520454603e-12
      1 8.75649493016146e-30
      1 8.73875981329302e-08
      1 8.69006345104832e-12
      1 8.67349928700902e-08
      1 8.67193557435407e-29
      1 8.66744969767552e-09
      1 8.64918364508539e-07
      1 8.60839399763582e-39
      1 8.59105598657944e-06
      1 8.58971059822486e-10
      1 8.53336119452305e-25
      1 8.50709073915621e-14
      1 8.48352308696494e-13
      1 8.46858225549898e-32
      1 8.46632842149316e-09
      1 8.4646208217632e-23
      1 8.42657424031677e-11
      1 8.41983699552308e-10
      1 8.41541908030776e-06
      1 8.38986644581809e-07
      1 8.38437429087617e-13
      1 8.35041966789225e-07
      1 8.3472519350734e-12
      1 8.29105958210721e-11
      1 8.28040405449022e-08
      1 8.27909285312974e-18
      1 8.24905423640203e-12
      1 8.21841322340604e-12
      1 8.20346840577995e-26
      1 8.20188791605394e-07
      1 8.20067384293872e-09
      1 8.19355562620907e-15
      1 8.1882115667573e-07
      1 8.17267396391696e-06
      1 8.15319885990805e-05
      1 8.15030940978001e-08
      1 8.13417211091555e-07
      1 8.10941106576639e-19
      1 8.10789706255172e-10
      1 8.05843077444575e-11
      1 8.04671866056707e-45
      1 8.02950601842941e-09
      1 7.98688979685013e-14
      1 7.98485204525756e-16
      1 7.97456347599366e-06
      1 7.96361403372138e-17
      1 7.95834326779812e-24
      1 7.9331831473017e-12
      1 7.92709840021582e-26
      1 7.92608535901371e-07
      1 7.90315605645963e-24
      1 7.90032444919246e-16
      1 7.89206973159326e-14
      1 7.8913280984314e-24
      1 7.88175823666739e-15
      1 7.87767795911757e-06
      1 7.86889821488622e-22
      1 7.86213268520566e-09
      1 7.85787752876798e-16
      1 7.85079064994204e-14
      1 7.84307714284129e-22
      1 7.83075871830699e-06
      1 7.78476957012452e-19
      1 7.73822466986411e-07
      1 7.72406446208592e-05
      1 7.71735934706371e-18
      1 7.69226222348184e-36
      1 7.66842967823398e-15
      1 7.64144785966589e-10
      1 7.63166611703591e-38
      1 7.59752265186144e-13
      1 7.56805042664272e-12
      1 7.54363583021484e-14
      1 7.54328654982944e-18
      1 7.52528477673289e-09
      1 7.49386892634755e-16
      1 7.48916639699773e-09
      1 7.4871832654552e-20
      1 7.47674732206629e-21
      1 7.45689670139774e-19
      1 7.38890739320472e-07
      1 7.37159406534359e-09
      1 7.37137349038519e-18
      1 7.36173283203801e-20
      1 7.33826464745355e-09
      1 7.33818762520946e-12
      1 7.33631536429848e-09
      1 7.33504264531908e-07
      1 7.31642905935269e-28
      1 7.29815535412789e-08
      1 7.27221221178468e-06
      1 7.27027522168281e-11
      1 7.26253184895718e-16
      1 7.25625323195323e-13
      1 7.23671661227517e-05
      1 7.2334236713328e-28
      1 7.21911283054596e-27
      1 7.2093623116227e-13
      1 7.2042706821989e-09
      1 7.20230717971948e-12
      1 7.17996352731334e-23
      1 7.1649332296535e-25
      1 7.15268313950845e-08
      1 7.13555674909532e-21
      1 7.12178385464529e-11
      1 7.11068011620103e-43
      1 7.10317005035576e-12
      1 7.09033356848479e-34
      1 7.04938236722937e-09
      1 7.04864127078222e-24
      1 7.0217370269702e-07
      1 6.97945282934736e-14
      1 6.88926964845501e-29
      1 6.8634522046128e-08
      1 6.86180137139896e-40
      1 6.80426459879662e-25
      1 6.80195405774076e-05
      1 6.78394455068576e-09
      1 6.74608371226159e-24
      1 6.72296673818214e-14
      1 6.71155363955734e-17
      1 6.7070545678183e-11
      1 6.7033156958647e-28
      1 6.6971005390618e-24
      1 6.69529006012223e-08
      1 6.67511815512218e-07
      1 6.66805498274612e-45
      1 6.66694416728657e-17
      1 6.6643663677797e-12
      1 6.64174308428335e-07
      1 6.62415855785707e-07
      1 6.61345407964238e-11
      1 6.6055785214121e-05
      1 6.6019256783174e-09
      1 6.59988677155011e-12
      1 6.59899586389254e-08
      1 6.58785785953217e-21
      1 6.58582767002749e-22
      1 6.56224366811404e-08
      1 6.55026947304212e-15
      1 6.54402338444887e-10
      1 6.52915962147998e-18
      1 6.51957146642933e-07
      1 6.49373765973559e-07
      1 6.47611958665764e-08
      1 6.46431341233396e-11
      1 6.45674382218838e-15
      1 6.45557381148332e-08
      1 6.43617529361315e-07
      1 6.43483380977448e-10
      1 6.42658188662433e-23
      1 6.41972333637788e-10
      1 6.41639299154029e-10
      1 6.4082157960863e-31
      1 6.36787234955349e-17
      1 6.35478164350223e-05
      1 6.34514226525417e-05
      1 6.33352976195389e-43
      1 6.32528398860513e-08
      1 6.30840325485472e-17
      1 6.27138113688077e-16
      1 6.23486106118687e-09
      1 6.23435566415609e-06
      1 6.22402804952025e-27
      1 6.22199719139007e-17
      1 6.20659930255133e-14
      1 6.19311205672778e-07
      1 6.16042462704353e-32
      1 6.15593435183714e-11
      1 6.15506303404867e-26
      1 6.15193498768203e-13
      1 6.15157865135439e-09
      1 6.14824209932119e-22
      1 6.12012327512743e-06
      1 6.1109129929365e-05
      1 6.10505733305547e-11
      1 6.10162152125981e-22
      1 6.09147768419365e-15
      1 6.08371476060491e-09
      1 6.08020650009197e-33
      1 6.05953326160473e-07
      1 6.0157869522663e-08
      1 6.0134868644514e-06
      1 5.96976174974763e-15
      1 5.96869564540239e-20
      1 5.96172881666495e-10
      1 5.95265804643608e-13
      1 5.93936203651062e-41
      1 5.91700546825987e-19
      1 5.81304207210619e-27
      1 5.80946937678357e-19
      1 5.77701054863967e-26
      1 5.7577037824194e-13
      1 5.74402532610246e-20
      1 5.740556683219e-36
      1 5.73492300704164e-09
      1 5.731906417368e-15
      1 5.73185805761103e-17
      1 5.72399725892331e-10
      1 5.69487619785609e-12
      1 5.68868317309893e-07
      1 5.67879112290922e-38
      1 5.66888051590792e-06
      1 5.66868565052302e-08
      1 5.64817070564098e-22
      1 5.64220276470371e-24
      1 5.61823998458529e-33
      1 5.6096817397165e-14
      1 5.60756529872768e-24
      1 5.59833522432243e-12
      1 5.5850660851574e-09
      1 5.58448710035796e-12
      1 5.56968644103733e-21
      1 5.53476900639397e-05
      1 5.52682658724812e-11
      1 5.51533848352588e-14
      1 5.51148651025281e-12
      1 5.50232910584322e-07
      1 5.47637056143426e-17
      1 5.46543301255209e-06
      1 5.45371979152536e-35
      1 5.40632547972824e-19
      1 5.39812078723814e-11
      1 5.39672506150303e-13
      1 5.39549986017902e-07
      1 5.3869100831754e-24
      1 5.37759619484048e-08
      1 5.3753487150709e-12
      1 5.37514939184915e-14
      1 5.37092108570479e-14
      1 5.3644776337397e-05
      1 5.35544330279592e-14
      1 5.3546652717972e-16
      1 5.30917193520535e-21
      1 5.3078815470929e-06
      1 5.29436360870736e-12
      1 5.27749058940477e-09
      1 5.27457038347953e-19
      1 5.25574175069323e-13
      1 5.25323887134173e-05
      1 5.23923711828048e-17
      1 5.22822759711465e-29
      1 5.21691867542092e-06
      1 5.20289546957838e-22
      1 5.18507462111696e-05
      1 5.18215113387397e-07
      1 5.18179079872331e-34
      1 5.1474507996383e-09
      1 5.14578183177083e-09
      1 5.13213962780092e-09
      1 5.13178619039638e-09
      1 5.10969303492577e-05
      1 5.0958311841102e-21
      1 5.05477462766252e-12
      1 5.04714022438915e-12
      1 5.03313195777856e-07
      1 5.02924655384163e-13
      1 5.01002760971368e-07
      1 4.98971543002261e-36
      1 4.98318340671759e-28
      1 4.96758614850465e-17
      1 4.96440548386222e-14
      1 4.95887274749828e-16
      1 4.95575810710574e-49
      1 4.95284754273883e-07
      1 4.93364220973999e-15
      1 4.93202893404359e-14
      1 4.92444726600237e-34
      1 4.92328442085205e-08
      1 4.92293405400085e-10
      1 4.92127625261285e-10
      1 4.90498475006457e-05
      1 4.89690250314286e-08
      1 4.89079124642312e-11
      1 4.88958846494753e-11
      1 4.88126405371005e-14
      1 4.87931425623364e-17
      1 4.84848896113932e-29
      1 4.80885414155585e-38
      1 4.80043965265592e-32
      1 4.79566806300842e-17
      1 4.78678990342019e-16
      1 4.78605130736753e-09
      1 4.78183249608779e-17
      1 4.77799155528544e-18
      1 4.74646859416737e-07
      1 4.74548095729965e-09
      1 4.7144464061356e-07
      1 4.69618845823371e-05
      1 4.69465592875854e-08
      1 4.68991752490384e-05
      1 4.67312002194407e-21
      1 4.66695390758294e-05
      1 4.66298613838872e-12
      1 4.65125369759224e-28
      1 4.64550159277024e-11
      1 4.64339323317536e-14
      1 4.63247547964409e-19
      1 4.63191794714773e-37
      1 4.62477352784159e-13
      1 4.61897676142465e-16
      1 4.61274738680419e-05
      1 4.59527049698603e-18
      1 4.59104351733602e-21
      1 4.58668007737402e-13
      1 4.56054448374037e-16
      1 4.55558351374308e-30
      1 4.53778168113892e-23
      1 4.49757670860297e-07
      1 4.49155570730765e-12
      1 4.48796640653713e-21
      1 4.47035730375212e-09
      1 4.46481648470206e-21
      1 4.45890678074935e-13
      1 4.42968493599809e-12
      1 4.40984307141081e-10
      1 4.39746793800987e-05
      1 4.39381317575734e-09
      1 4.37678197964563e-44
      1 4.37597971925234e-18
      1 4.34366233569839e-11
      1 4.34153974176968e-13
      1 4.32761881853354e-08
      1 4.32454264765818e-20
      1 4.3203769442475e-22
      1 4.31852528347592e-10
      1 4.31817789229395e-19
      1 4.31327000141335e-11
      1 4.3123404991851e-22
      1 4.31056710647093e-05
      1 4.30776932877444e-06
      1 4.30709759576018e-15
      1 4.30351803270253e-07
      1 4.29987520615117e-22
      1 4.29855719284763e-11
      1 4.29078107630068e-28
      1 4.29013121066281e-19
      1 4.28449660548856e-06
      1 4.28265977091591e-40
      1 4.27957230009993e-09
      1 4.27868249046468e-12
      1 4.27744624356964e-19
      1 4.25927469473765e-37
      1 4.25809040294127e-40
      1 4.25613415981296e-11
      1 4.24808471519647e-17
      1 4.23469965693578e-07
      1 4.22919181511076e-05
      1 4.22187237845707e-43
      1 4.21803063633849e-15
      1 4.21475560124845e-17
      1 4.20052203687089e-08
      1 4.19693003844381e-10
      1 4.19452392715013e-22
      1 4.16684176170706e-24
      1 4.15780329259472e-16
      1 4.15721181190962e-12
      1 4.15022717589961e-13
      1 4.14726687759789e-26
      1 4.13952595438685e-10
      1 4.13741207262851e-15
      1 4.1293885519654e-21
      1 4.12375345566586e-27
      1 4.10343698437216
      1 4.10176875335798e-05
      1 4.10047426839487e-20
      1 4.08868352485713e-26
      1 4.0874940639224e-14
      1 4.07739719823375e-10
      1 4.07171765623743e-30
      1 4.06814975099661e-10
      1 4.040240602472e-21
      1 4.01490968511374e-10
      1 4.01360766645074e-23
      1 4.01083042643204e-15
      1 4.00900509542078e-07
      1 4.008142998271e-05
      1 3.98195426171361e-14
      1 3.96868840940804e-06
      1 3.96587631453529e-21
      1 3.94123627504003e-10
      1 3.92951811154832e-20
      1 3.92765441497717e-17
      1 3.92375005363206e-19
      1 3.90272618128981e-29
      1 3.89659185663951e-07
      1 3.87446883277506e-39
      1 3.87213130386143e-27
      1 3.87037192218997e-19
      1 3.86486018694593e-21
      1 3.84651579928474e-16
      1 3.84326106974256e-09
      1 3.83419563995032e-15
      1 3.82957752053945e-27
      1 3.80749469589056e-28
      1 3.80581460234995e-09
      1 3.80527234888523e-15
      1 3.80445570302174e-34
      1 3.80328219199344e-21
      1 3.79063200017224e-07
      1 3.78513231039722e-12
      1 3.77630669886045e-19
      1 3.76331843976759e-24
      1 3.76260693890669e-17
      1 3.7576522414965e-27
      1 3.74976055704009e-15
      1 3.73975476848305e-24
      1 3.7329647084846e-22
      1 3.72802625043784e-06
      1 3.71355150159233e-08
      1 3.71140949336799e-19
      1 3.70286632641158e-09
      1 3.69336851000196e-08
      1 3.68729524688275e-13
      1 3.6855366311266e-12
      1 3.68323835908239
      1 3.68263246341095e-17
      1 3.68095872753686e-23
      1 3.67398955052825e-15
      1 3.66347081059352e-10
      1 3.65943664800073e-19
      1 3.6541701030586e-06
      1 3.6400090970583e-09
      1 3.63828033551608e-12
      1 3.63384574533635e-14
      1 3.63149127124524e-25
      1 3.62663265934106e-09
      1 3.62186104804921e-12
      1 3.61645231312309e-05
      1 3.60575598442942e-07
      1 3.60186462119736e-08
      1 3.58095842566727e-27
      1 3.58015133567619e-22
      1 3.57991667586082e-05
      1 3.57179438792842e-38
      1 3.57169025084742e-10
      1 3.56283729358572e-12
      1 3.56138043124648e-06
      1 3.55376767683371e-19
      1 3.54960711485466e-21
      1 3.54735089948566e-13
      1 3.54715273091581e-27
      1 3.53420647075861e-11
      1 3.52066210222873e-11
      1 3.47913822575127e-31
      1 3.47804330724978e-05
      1 3.4732540391175e-26
      1 3.46799163377172e-12
      1 3.46518758651331e-10
      1 3.45446115815829e-32
      1 3.45319243925464e-24
      1 3.44647289457959e-05
      1 3.44376330174053e-08
      1 3.42788377062622e-17
      1 3.39906127968396e-13
      1 3.38923485080137e-15
      1 3.38896213164925e-10
      1 3.38787295082704e-12
      1 3.3814051497099e-21
      1 3.37619908373871e-09
      1 3.37406508936246e-21
      1 3.37315413434412e-19
      1 3.36810808892942e-26
      1 3.36634518875892e-15
      1 3.36011972385705e-05
      1 3.33473389687776e-28
      1 3.33444829881216e-06
      1 3.32938979389797e-08
      1 3.32723295156092e-10
      1 3.31823435835016e-07
      1 3.31819363706603e-26
      1 3.3179591887297e-09
      1 3.31585690765317e-07
      1 3.30369920226683e-06
      1 3.29430513922338e-17
      1 3.29161706236991e-19
      1 3.28466928940084e-06
      1 3.28223442579464e-22
      1 3.26727803895869e-13
      1 3.25998726249097e-11
      1 3.25961483573403e-08
      1 3.25688322709404e-15
      1 3.25358143911037e-24
      1 3.25317265459121e-20
      1 3.24408492749289e-21
      1 3.24149727522937e-14
      1 3.23144986362578e-12
      1 3.22846523922345e-09
      1 3.22475995244991e-13
      1 3.21879828505796e-21
      1 3.21587630572675e-33
      1 3.21481850143635e-06
      1 3.21340449067534e-21
      1 3.21044173742505e-13
      1 3.20903684182596e-11
      1 3.19728167767324e-08
      1 3.1890943834005e-11
      1 3.18739994682628e-07
      1 3.18487007204824e-08
      1 3.16532391447915e-08
      1 3.16115869896353e-08
      1 3.15161097101943e-10
      1 3.15097002158092e-35
      1 3.14748587442546e-10
      1 3.14392501628649e-05
      1 3.13852332331318e-08
      1 3.12889651263934e-12
      1 3.11359166040214e-19
      1 3.11295514934146e-49
      1 3.11227538006294e-14
      1 3.10611676021394e-11
      1 3.09959881157713e-07
      1 3.09580326695451e-09
      1 3.09452410965104e-09
      1 3.09413380826688e-08
      1 3.08255387671497e-06
      1 3.06910406795429e-23
      1 3.06791051998193e-06
      1 3.06590566111081e-28
      1 3.05473195015724e-09
      1 3.05349617073292e-05
      1 3.04259148629405e-09
      1 3.03691044318569e-20
      1 3.03242395238828e-05
      1 3.0260495191748e-16
      1 3.01368156028859e-37
      1 3.01138212562665e-07
      1 3.00926663224009e-11
      1 3.00751233598306e-56
      1 2.99621597217715e-18
      1 2.98763728987884e-11
      1 2.98033878115152e-21
      1 2.97959398939697e-30
      1 2.97654213425281e-10
      1 2.97558340941353e-17
      1 2.97332479249109e-43
      1 2.97225262972579e-07
      1 2.96716521729952e-07
      1 2.95867627913935e-13
      1 2.95635360038691e-06
      1 2.95019437643289e-12
      1 2.93481595492794e-17
      1 2.93452423626806e-08
      1 2.92911220472887e-07
      1 2.92087322533519e-26
      1 2.90787272699475e-16
      1 2.9021567408281e-10
      1 2.90150402664982e-11
      1 2.88674929575179e-07
      1 2.88002286775773e-30
      1 2.86434261019427e-05
      1 2.85850469056948e-13
      1 2.85464865737101e-21
      1 2.84912785514084e-17
      1 2.843659116341e-06
      1 2.83328577640012e-22
      1 2.81943990639082e-05
      1 2.81103635478869e-10
      1 2.79777109955505e-18
      1 2.79114832498974e-10
      1 2.78613178496382e-08
      1 2.78304686027554e-20
      1 2.77592436955868e-11
      1 2.77252019175989e-14
      1 2.76627091853241e-07
      1 2.76318745946389e-27
      1 2.762317209627e-10
      1 2.76091903752001e-13
      1 2.76085688812754e-38
      1 2.75097385507298e-06
      1 2.74484265591624e-08
      1 2.74256693631169e-16
      1 2.73961514996674e-37
      1 2.73185456898399e-09
      1 2.72510087706642e-14
      1 2.71820272869973e-07
      1 2.71420585428142e-34
      1 2.71337594838249e-21
      1 2.70392328718124e-08
      1 2.70228172762747e-13
      1 2.69667998024536e-08
      1 2.69552913168148e-08
      1 2.69170269276861e-24
      1 2.68614444113773e-13
      1 2.68319441704361e-11
      1 2.66739223072157e-10
      1 2.66271152326573e-33
      1 2.64875881282173e-38
      1 2.64536100224695e-26
      1 2.64442848681347e-10
      1 2.63642917708008e-12
      1 2.63001082835661e-09
      1 2.62342977627873e-32
      1 2.62014280150317e-06
      1 2.61937385380521e-14
      1 2.61758219652194e-15
      1 2.60933701465307e-09
      1 2.60332870096001e-05
      1 2.59671472223969e-20
      1 2.59245704638436e-12
      1 2.59144379814867e-13
      1 2.59039721082672e-13
      1 2.57982960215678e-10
      1 2.56521263488209e-06
      1 2.54322035345234e-15
      1 2.54280598031011e-10
      1 2.54166756554691e-08
      1 2.54108959583925e-11
      1 2.5317179536431e-25
      1 2.52740622835056e-05
      1 2.52564172951515e-23
      1 2.52533392249873e-29
      1 2.5196230895532e-10
      1 2.5088739940347e-32
      1 2.50258383544717e-09
      1 2.50143017030146e-09
      1 2.49434149010163e-09
      1 2.48431959223526e-11
      1 2.48371096286961e-12
      1 2.48000682492747e-17
      1 2.46706553465663e-13
      1 2.46197581661764e-09
      1 2.46024432731387e-19
      1 2.45055610804851e-08
      1 2.44788747496634e-12
      1 2.44643954143804e-33
      1 2.44048774952097e-18
      1 2.43846698542137e-44
      1 2.43787355988799e-08
      1 2.43444806666045e-11
      1 2.42661000430169e-30
      1 2.42404955215882e-11
      1 2.42061275749824
      1 2.41825319792361e-05
      1 2.41626574074818e-17
      1 2.40966931274972e-13
      1 2.4070371600858e-17
      1 2.40425333207853e-19
      1 2.40056021387248e-20
      1 2.39736739847794e-31
      1 2.39513804013988e-34
      1 2.39176448658223e-10
      1 2.39017196894824e-25
      1 2.38539226529976e-05
      1 2.38159590932435e-05
      1 2.37676240560722e-08
      1 2.37378187676927e-05
      1 2.36752266635114e-05
      1 2.36738303372442
      1 2.35428215358536e-05
      1 2.35403331717451e-17
      1 2.35362869884604e-07
      1 2.34858300085567e-12
      1 2.34774184398228e-10
      1 2.33129368140005e-35
      1 2.32482182210958e-19
      1 2.31502199427249e-06
      1 2.31350336793497e-09
      1 2.31164355045446e-14
      1 2.30862635859556e-30
      1 2.29194676229886e-21
      1 2.2890604230892e-14
      1 2.2761108225871e-20
      1 2.27183485207788e-12
      1 2.26581685584649e-05
      1 2.26145191260109e-12
      1 2.25866212339132e-08
      1 2.25119037211549e-12
      1 2.24170001007784e-10
      1 2.24155255511438e-17
      1 2.24073494054397e-40
      1 2.23193363735978e-17
      1 2.23002022039099e-10
      1 2.21299822734544e-10
      1 2.20291319666312e-33
      1 2.20072059806314e-17
      1 2.19734550583122e-08
      1 2.19393843504834e-18
      1 2.19253022902698e-16
      1 2.18508968339858e-16
      1 2.18399294160178e-09
      1 2.17997346595316e-19
      1 2.1797511533192e-11
      1 2.17715752330868e-08
      1 2.17690297379998e-16
      1 2.17606787486186e-05
      1 2.17495298578612e-05
      1 2.17176393255189e-21
      1 2.1682812589653e-10
      1 2.15704078802275e-15
      1 2.15344055893767e-13
      1 2.15292209885158e-11
      1 2.1485261203204e-07
      1 2.14696982169868e-06
      1 2.14534010058831e-08
      1 2.13074271995224e-05
      1 2.12840515362003e-05
      1 2.12745566830155e-07
      1 2.12677132236612e-16
      1 2.1262834390896e-22
      1 2.11505892404242e-15
      1 2.11505410899565e-36
      1 2.10218512425922e-05
      1 2.0939825151156e-12
      1 2.09320028571741e-05
      1 2.09288918175279e-26
      1 2.09192732760634
      1 2.08773568539796e-13
      1 2.08374613634017e-09
      1 2.07094383123388e-14
      1 2.06809687653987e-07
      1 2.0657490374793e-25
      1 2.0601401808307e-14
      1 2.05783852782962e-10
      1 2.05602532619519e-21
      1 2.0546410869372e-13
      1 2.04875198957955e-14
      1 2.04824633593397e-18
      1 2.0433616875513e-29
      1 2.02472960474259e-09
      1 2.01663668058337e-06
      1 2.00670858097464e-13
      1 2.00600116644481e-12
      1 2.00018284555672e-27
      1 1.99950815666317e-20
      1 1.99925418340105e-11
      1 1.99595318090247e-10
      1 1.99146538471735e-13
      1 1.98904888267128e-17
      1 1.98468935288739e-09
      1 1.97859539982711e-18
      1 1.97349355020994e-23
      1 1.97308743204072e-07
      1 1.97045301987648e-09
      1 1.9640507010442e-18
      1 1.95826248741102e-28
      1 1.94758145614263e-13
      1 1.9420566394981e-12
      1 1.94054474304832e-25
      1 1.94010802727146e-05
      1 1.93940700153233e-06
      1 1.93620020490461e-07
      1 1.9328328394182e-06
      1 1.9312578812616e-11
      1 1.93014225711678e-10
      1 1.92912652869492e-05
      1 1.92907963426584e-19
      1 1.92400536018634e-23
      1 1.92377517496174e-10
      1 1.9197406842873e-08
      1 1.91897429816683e-34
      1 1.91217777048439e-33
      1 1.9114058551721e-11
      1 1.9087866127605e-13
      1 1.90558674431903e-12
      1 1.90480386089597e-12
      1 1.90114746488904e-05
      1 1.89715366885578e-08
      1 1.89386921153816e-21
      1 1.89376948051267e-20
      1 1.89097644207792e-38
      1 1.89097217812795e-07
      1 1.88869394306499e-16
      1 1.88758880863185e-34
      1 1.88309456581919e-09
      1 1.88284180136634e-10
      1 1.87662459151115e-22
      1 1.87333314134122e-08
      1 1.86193844295332e-18
      1 1.86046288106566e-17
      1 1.85853928344951e-06
      1 1.85830734761189e-30
      1 1.85801406590033e-11
      1 1.85387977250317e-44
      1 1.85317610312709e-08
      1 1.85306524413678e-12
      1 1.84779473509739e-09
      1 1.84732267668062e-19
      1 1.84705863386077e-18
      1 1.84333036086167e-18
      1 1.8408867958422e-17
      1 1.83769653611609e-22
      1 1.83338144040829e-13
      1 1.82609166902597e-15
      1 1.82548944484038e-09
      1 1.82181092240598e-21
      1 1.82097228969809e-07
      1 1.82042777108788e-08
      1 1.81577902850303e-15
      1 1.8127524463694e-15
      1 1.81253517061312e-14
      1 1.80992738577649e-15
      1 1.80659475590759e-12
      1 1.8042851463964e-11
      1 1.80426104332422e-22
      1 1.80361430412471e-18
      1 1.80340605292927e-26
      1 1.80243214874931e-06
      1 1.80201154917583e-12
      1 1.80194108359111e-23
      1 1.79937792167675e-18
      1 1.7914857032486e-14
      1 1.79141179451868e-21
      1 1.78409360240502e-06
      1 1.77995978954323e-11
      1 1.77553329595436e-06
      1 1.77372165207464e-15
      1 1.75708986819044e-19
      1 1.75598955754092e-18
      1 1.75597234204721e-12
      1 1.75436328855239e-13
      1 1.75409551458433e-05
      1 1.75262602106311e-05
      1 1.74799347028352e-15
      1 1.74373992755747e-10
      1 1.74149217164752e-27
      1 1.7404277232562e-23
      1 1.73574889109018e-10
      1 1.73336432897809e-16
      1 1.72413511158062e-13
      1 1.71992726267832e-30
      1 1.71726690579519e-10
      1 1.71528386930769e-06
      1 1.71482702132645e-17
      1 1.69567700079336e-48
      1 1.68983792144781e-11
      1 1.67656153558679e-22
      1 1.67404762711147e-06
      1 1.67375680128402e-23
      1 1.67200180199926e-06
      1 1.66891902181179e-06
      1 1.66233235759005e-08
      1 1.66231723475709e-18
      1 1.66170137026997e-23
      1 1.6577008910905e-13
      1 1.65662022910142e-18
      1 1.65621097898483e-07
      1 1.64269793467278e-22
      1 1.63865666931261e-05
      1 1.63862321429667e-15
      1 1.634241965998e-07
      1 1.62941354185644e-14
      1 1.62870500823487e-25
      1 1.62674657413834e-21
      1 1.62252835289012e-31
      1 1.62063127960357e-10
      1 1.61816760862564e-20
      1 1.61473694685734e-10
      1 1.6111306262295e-12
      1 1.60618100550865e-10
      1 1.60330637768549e-38
      1 1.60139779458956e-15
      1 1.59343006482712e-13
      1 1.58608654695007e-11
      1 1.5827640618375e-18
      1 1.58213729437389e-05
      1 1.58156932327448e-17
      1 1.57316532128154e-07
      1 1.56693853030518e-05
      1 1.56689184228658e-12
      1 1.55950321350588e-12
      1 1.55415977654394e-21
      1 1.55144976707433e-07
      1 1.54807798998688e-19
      1 1.54733734481541e-10
      1 1.54423508456807e-15
      1 1.54030955537486e-16
      1 1.53796949740919e-14
      1 1.53445049953468e-07
      1 1.53107507438842e-08
      1 1.52954030224923e-17
      1 1.52663717969491e-24
      1 1.5246954256447e-08
      1 1.52303053336241e-14
      1 1.5224323679882e-06
      1 1.51987465595024e-05
      1 1.51770906953173e-41
      1 1.51236356287474e-05
      1 1.51049354428285e-25
      1 1.50725474123878e-15
      1 1.50262621364175e-06
      1 1.50168120149209e-14
      1 1.50075528691775e-36
      1 1.5007138291578e-14
      1 1.49947677289817e-29
      1 1.4991235215268e-11
      1 1.49636396416888e-36
      1 1.49384174369105e-07
      1 1.49170761651351e-15
      1 1.48878874051602e-38
      1 1.48817493668092e-18
      1 1.47583891747763e-26
      1 1.46867313017617e-05
      1 1.46566957254973e-09
      1 1.46550670708912e-13
      1 1.46370227117539e-31
      1 1.45758210744954e-27
      1 1.45729031216504e-14
      1 1.45595204840412e-05
      1 1.45483318015513e-08
      1 1.45109023595295e-12
      1 1.44696276051988e-19
      1 1.44669879577289e-10
      1 1.44384073528808e-31
      1 1.43961990829441e-16
      1 1.43886701969434e-09
      1 1.43770979054418e-07
      1 1.43656129076464e-25
      1 1.43530976803778e-16
      1 1.4351315479984e-14
      1 1.43367424603682e-07
      1 1.43225483549126e-16
      1 1.42834195343723e-13
      1 1.42784459949796e-05
      1 1.4269800510434e-29
      1 1.42565783487764e-06
      1 1.42480665993778e-23
      1 1.41995847273915e-13
      1 1.41769228547773e-26
      1 1.41744043932286e-09
      1 1.41472795260296e-09
      1 1.41238801630169e-16
      1 1.41130136311942e-14
      1 1.4081734905428e-09
      1 1.39913219265248e-11
      1 1.3972344568726e-17
      1 1.39627714135662e-55
      1 1.39591283108205e-12
      1 1.39179918522908e-18
      1 1.38891595610119e-14
      1 1.38704187624257e-10
      1 1.38691902704712e-14
      1 1.38374006895189e-19
      1 1.38216191758695e-34
      1 1.37893159036215e-10
      1 1.3745190233408e-10
      1 1.37409486238968e-19
      1 1.37305326985985e-05
      1 1.3699840009437e-14
      1 1.35867163572876e-21
      1 1.35766782718921e-23
      1 1.3575905966966e-09
      1 1.3459451773657e-26
      1 1.34086550130223e-08
      1 1.34009598109493e-08
      1 1.33893056035466e-16
      1 1.33839818217967e-18
      1 1.3310368511654e-09
      1 1.33042877731596e-19
      1 1.32753638272652e-09
      1 1.32127132616105e-09
      1 1.31880246567322e-24
      1 1.31825605860036e-28
      1 1.31431620097718e-10
      1 1.31237412653568e-15
      1 1.30129045001788e-08
      1 1.30010495007599e-10
      1 1.29954015763872e-14
      1 1.29735435251293e-18
      1 1.29563456074264e-05
      1 1.28934478771265e-31
      1 1.28027748999901e-36
      1 1.27972126670228e-07
      1 1.27755370787209e-06
      1 1.26932414685032e-18
      1 1.26809787454095e-51
      1 1.26700710334674e-08
      1 1.26670440487592e-09
      1 1.2646854732961e-13
      1 1.26435076558857e-18
      1 1.26245571287767e-17
      1 1.26176569981753e-34
      1 1.25939214214535e-23
      1 1.25862173437936e-11
      1 1.25853422063139e-06
      1 1.25705086429148e-08
      1 1.25344840850301e-24
      1 1.25255903044105e-08
      1 1.25231091325812e-18
      1 1.25007335455184e-22
      1 1.24816929655971e-07
      1 1.24758587832784e-14
      1 1.24727950166674e-17
      1 1.24562680491763e-13
      1 1.24124936362328e-08
      1 1.24097264340886e-09
      1 1.23922338559374e-20
      1 1.23755425528879e-10
      1 1.23729826737325e-07
      1 1.23470257806044e-38
      1 1.23338455188339e-09
      1 1.23192391842327e-09
      1 1.22959386786607e-08
      1 1.22773162204433e-25
      1 1.226023556126e-08
      1 1.22343327940045e-20
      1 1.22342694852471e-17
      1 1.21290522807613e-16
      1 1.21215347279891e-20
      1 1.21081595980456e-31
      1 1.20840385331166e-15
      1 1.20456638785523e-22
      1 1.20308077517588e-19
      1 1.19770395651069e-13
      1 1.19635782285482e-13
      1 1.19099964995898e-07
      1 1.18660622147198e-09
      1 1.18575113764873e-14
      1 1.18431116426815e-11
      1 1.18392007979565e-10
      1 1.18344835571944e-37
      1 1.18215113933535e-06
      1 1.1806259185238e-12
      1 1.18003029335844e-19
      1 1.17968500717996e-29
      1 1.17604589859638e-10
      1 1.17322454921039e-22
      1 1.17195988907848e-10
      1 1.1641444200053e-05
      1 1.1620207176562e-21
      1 1.16067203953384e-29
      1 1.1574141079391e-12
      1 1.15358109516343e-08
      1 1.1527695668903e-06
      1 1.15159961706819e-27
      1 1.15093120978015e-10
      1 1.14829373610222e-08
      1 1.14674132092346e-24
      1 1.14617834274065e-20
      1 1.14453682616671e-14
      1 1.1395457876477e-07
      1 1.13765728577011e-15
      1 1.13407581999138e-20
      1 1.1330721172528e-08
      1 1.12896380805254e-05
      1 1.127510450784e-21
      1 1.12529527026474e-37
      1 1.12514007484156e-05
      1 1.1233776243778e-07
      1 1.11704760095745e-10
      1 1.11426194546518e-13
      1 1.11267950010373e-11
      1 1.11138809725217e-10
      1 1.11115550257746e-05
      1 1.11069919616893e-06
      1 1.10562317891019e-35
      1 1.10403327537952e-10
      1 1.102829499685e-07
      1 1.09812752469768e-10
      1 1.0970000923687e-33
      1 1.09397099776826e-43
      1 1.08417361662533e-05
      1 1.083494446646e-35
      1 1.08241545102323e-09
      1 1.07954457126e-13
      1 1.07413507206838e-09
      1 1.0686858323824e-20
      1 1.06789357928518e-08
      1 1.06769524099904e-10
      1 1.06684599549326e-22
      1 1.06622308690877e-45
      1 1.06550177786889e-23
      1 1.06446737777685e-13
      1 1.0636457212232e-13
      1 1.06348995059733e-15
      1 1.06224522559979e-07
      1 1.05982523589276e-19
      1 1.05682903595514e-05
      1 1.05253275051689e-12
      1 1.05141283601117e-31
      1 1.05040783692947e-05
      1 1.05024337544881e-16
      1 1.04546944079744e-30
      1 1.04366968417521e-27
      1 1.04287425329654e-17
      1 1.04241668515292e-06
      1 1.04184835647041e-20
      1 1.04074693446599e-13
      1 1.03961323742664e-11
      1 1.03786904461222e-22
      1 1.03784141515237e-10
      1 1.03427053639194e-14
      1 1.03297762086364e-27
      1 1.02915813763132e-17
      1 1.02788918949573e-30
      1 1.02588095953983e-07
      1 1.01974681898545e-31
      1 1.01867652993582e-09
      1 1.01809730785346e-08
      1 1.01681407017449e-21
      1 1.0163375951523e-32
      1 1.0145324595086e-07
      1 1.01408041134226e-13
      1 1.0122632844534e-36
      1 1.00924102863104e-20
      1 1.00729226036973e-16
      1 1.00554921927226e-05
      1 1.00161961412064e-26
      1 1.00129885599257e-13
      1 1.00102343417067e-07
      1 0.0498112439462884
      1 0.0488033974661047
      1 0.0471654543234028
      1 0.0460321781008079
      1 0.0454530719145102
      1 0.0405045907849667
      1 0.0385539743635312
      1 0.037834084652566
      1 0.0372863655059531
      1 0.0368930833028374
      1 0.0363319821123758
      1 0.0359910378360727
      1 0.033975884249937
      1 0.0324006441542477
      1 0.0322997789099421
      1 0.0318604338585441
      1 0.0306722683188256
      1 0.0301712553173973
      1 0.0293328599308585
      1 0.0288713451815493
      1 0.0281534170805721
      1 0.0271673554977923
      1 0.0270884333266346
      1 0.0265074532184903
      1 0.0242909434634487
      1 0.0239646566939344
      1 0.0219412718211236
      1 0.0218091331307104
      1 0.0203251303094053
      1 0.0198147126951453
      1 0.0191615469751832
      1 0.0180844525568175
      1 0.0179933421358049
      1 0.0178636141303855
      1 0.0173447695428412
      1 0.0171687624745897
      1 0.0168788421887678
      1 0.0168318437724936
      1 0.0167284432541898
      1 0.0165724987422884
      1 0.0159950509236357
      1 0.015475573038251
      1 0.0153339619214155
      1 0.0152406350021103
      1 0.0149964396061075
      1 0.0149649996649132
      1 0.013709784433991
      1 0.0135179495547896
      1 0.0134578549275971
      1 0.0133044893655985
      1 0.0131933521215859
      1 0.0130547652754645
      1 0.0127704945112011
      1 0.0123259400990302
      1 0.0123166840156393
      1 0.0120497645876963
      1 0.011922753113605
      1 0.0118850003849438
      1 0.0117643063297948
      1 0.0108514537177546
      1 0.0101313673032744
      1 0.00996127337868037
      1 0.00995255798264808
      1 0.00974752462253851
      1 0.00939121162949018
      1 0.00898729705755873
      1 0.00891355149802673
      1 0.0088881654173817
      1 0.00873320203442851
      1 0.00846588833044231
      1 0.00841297165433327
      1 0.00811723511099553
      1 0.00798208978686003
      1 0.00784479242632302
      1 0.00783808614972323
      1 0.00771801872001831
      1 0.00701780533548252
      1 0.00685504160153506
      1 0.00677455013904782
      1 0.00669788786568754
      1 0.00669507775972749
      1 0.00668861093145009
      1 0.00613851959662898
      1 0.00603233512389131
      1 0.00597347244632097
      1 0.00592942807977247
      1 0.00591540088850161
      1 0.00570712409334373
      1 0.0056829892417767
      1 0.00567768217749901
      1 0.00562301617901341
      1 0.00534438697787297
      1 0.00533499940264295
      1 0.00521998142392335
      1 0.00498465218173906
      1 0.00497392290582263
      1 0.00463198925819158
      1 0.00450873593360894
      1 0.0042973914889413
      1 0.00419613730245123
      1 0.00413865299824815
      1 0.00404681583770212
      1 0.00391942661316656
      1 0.00387231414181989
      1 0.0038691006682851
      1 0.00365245377168545
      1 0.0036334942275364
      1 0.0034805752838813
      1 0.00343338912232741
      1 0.00339642904156622
      1 0.00338124024207613
      1 0.00323241542394916
      1 0.00320304463777722
      1 0.00312424558855599
      1 0.0029075679694381
      1 0.00287434728873762
      1 0.0028538868672224
      1 0.00279779025357886
      1 0.00273621864689394
      1 0.00269291768307035
      1 0.00263764675450932
      1 0.00263674647927518
      1 0.00230419218985059
      1 0.00228032959871134
      1 0.00222089591413723
      1 0.00220808130720498
      1 0.00211540434974301
      1 0.00205048869969629
      1 0.00200720875539338
      1 0.00192524933474753
      1 0.00187105737085141
      1 0.00176492548490044
      1 0.00174941844242196
      1 0.00171290619474306
      1 0.00168236610577128
      1 0.00165850200562461
      1 0.00159943048945693
      1 0.00155488659429641
      1 0.00141215035219449
      1 0.00139106717238047
      1 0.00134094956417845
      1 0.00133523918828037
      1 0.00133407448870536
      1 0.00126389729553206
      1 0.00125489835967522
      1 0.00121960154212548
      1 0.00120318111435725
      1 0.00110847484421813
      1 0.00109752037189171
      1 0.00104477397691664
      1 0.00104375024933358
      1 0.000979378135794789
      1 0.000946236876688486
      1 0.000936662876307371
      1 0.000887967818469717
      1 0.000882696988134695
      1 0.000879854914960085
      1 0.000831965370416995
      1 0.000799429432215867
      1 0.000797254779881118
      1 0.000779019573546433
      1 0.000736795573301129
      1 0.000692291103576467
      1 0.000669293726854894
      1 0.000609937044493374
      1 0.000586192932262132
      1 0.000584154146606254
      1 0.00057661249148378
      1 0.000567734675473015
      1 0.00056304648194473
      1 0.000536466159918293
      1 0.000517514354212587
      1 0.00051134799497787
      1 0.000507534923082313
      1 0.000471620720191824
      1 0.000457708681060412
      1 0.000452629913617828
      1 0.000451756227451101
      1 0.000429559753433659
      1 0.000417316083806609
      1 0.000409064248859104
      1 0.000405413907634119
      1 0.000399677802697124
      1 0.000382333988127173
      1 0.000380291385269681
      1 0.000377949236902581
      1 0.000376996594818231
      1 0.000374774551896658
      1 0.000373870881571256
      1 0.000356351531334513
      1 0.000353792783343038
      1 0.000348073170705548
      1 0.000342952681020961
      1 0.000340991443007048
      1 0.000328485656183272
      1 0.000316880128503463
      1 0.000307993627410058
      1 0.00030513659567366
      1 0.000304988100919399
      1 0.000294368553982516
      1 0.000285903616336814
      1 0.000277457210519281
      1 0.000273433865957246
      1 0.000268070744520558
      1 0.000264122466873942
      1 0.000221382140137712
      1 0.000220977929660845
      1 0.000201208185879573
      1 0.000191624675685094
      1 0.000187210195905726
      1 0.000185967414742754
      1 0.000179406735776886
      1 0.000175243262140698
      1 0.000166237251555339
      1 0.000163595897090901
      1 0.000158853781086346
      1 0.00015858261686198
      1 0.000156424541934668
      1 0.000148485714931758
      1 0.000146820441724993
      1 0.000143827941440365
      1 0.000138856724121593
      1 0.000132308057508
      1 0.000126760852106405
      1 0.000109899326979561
